00000000.png (576,856,3)
00000001.png (576,856,3)
00000002.png (576,856,3)
00000003.png (576,856,3)
00000004.png (576,856,3)
00000005.png (576,856,3)
00000006.png (576,856,3)
00000007.png (576,856,3)
00000008.png (576,856,3)
00000009.png (576,856,3)
00000010.png (576,856,3)
00000011.png (576,856,3)
00000012.png (576,856,3)
00000013.png (576,856,3)
00000014.png (576,856,3)
00000015.png (576,856,3)
00000016.png (576,856,3)
00000017.png (576,856,3)
00000018.png (576,856,3)
00000019.png (576,856,3)
00000020.png (576,856,3)
00000021.png (576,856,3)
00000022.png (576,856,3)
00000023.png (576,856,3)
00000024.png (576,856,3)
